95710 15013 80697
96862 85882 10980
49228 55966 6738
72776 39459 33317
68737 13326 55411
40729 18163 22566
83230 19444 63786
87460 99013 11553
23315 31062 7747
44426 27255 17171
89890 68391 21499
99392 68938 30454
29229 95963 66734
18662 51605 32943
39330 57776 18446
10768 29521 18753
82566 51775 30791
69038 46212 22826
88019 93433 5414
83844 76762 7082
31025 32774 1749
55406 18191 37215
37164 89081 51917
61635 26023 35612
50946 86870 35924
29881 54831 24950
31761 63743 31982
23184 94606 71422
26086 97274 71188
51053 99386 48333
83270 68263 15007
57561 71801 14240
56985 13518 43467
45485 68409 22924
53027 39467 13560
78242 39498 38744
16913 94185 77272
27346 54480 27134
70223 41191 29032
26434 22447 3987
25347 88928 63581
93754 60404 33350
92505 71107 21398
84827 12386 72441
29413 39235 9822
11692 34459 22767
16189 78782 62593
25587 17867 7720
41255 69753 28498
88899 75548 13351