2215
3183
6504
9046
4302
3605
9540
4946
8235
9187
1423
2630
1578
9641
8246
9717
2340
7971
7273
2011
2280
2644
6930
580
1794
2993
243
5913
302
2922
8800
5886
9445
4948
8167
4843
8224
7877
157
5848
332
1967
3390
7312
8628
7301
5984
4872
5656
6799
7588
1866
6914
9410
9796
117
5186
1088
9390
4440
8696
2848
2032
8591
6918
1872
8217
2416
2664
8625
1260
6429
4123
3438
6987
3996
9311
4664
9879
6419
3311
3364
6308
2885
5860
4263
1355
9672
9313
5815
7055
2871
1701
3117
4916
8097
5172
4694
9286
7917
6277
2540
7778
5127
4900
7911
3332
6027
2432
7139
6378
5462
5435
6834
5425
7536
8722
264
4846
9981
7919
8909
7575
1683
7465
2067
6289
7202
7477
5540
8538
3716
5841
6243
2290
4260
1586
4713
7000
1540
1037
4383
4179
7457
6407
2091
392
676
268
7106
2950
2759
374
3884
4926
106
599
1775
8001
7990
1998
3443
9459
7534
7893
569
6866
8953
7642
7316
7702
81
7219
937
3043
3962
1776
1139
1300
6950
2317
7021
1810
6386
2342
744
758
2454
5946
5025
293
6170
3578
8285
9175
9323
1573
1996
9147
7090
2181
1461
1134
3344
573
5409
4958
2839
8789
7152
4178
9693
7483
663
764
8259
3563
9016
5283
6666
384
3061
6923
7089
7620
7536
1266
8015
8816
6320
4191
6314
1705
4264
6407
5760
3515
3166
2998
8933
5019
9689
4964
14
9791
5836
981
4269
6650
8421
9543
9164
3360
7774
7558
3769
3009
3827
3664
3834
7099
9901
7731
4249
3181
1491
1444
7462
5779
3983
6031
8628
8456
6626
9146
9670
9127
3958
6454
9793
7136
9180
6284
9424
5290
6884
6025
3111
6688
9549
7766
2379
5658
5154
518
4461
1283
7395
8919
5537
4980
2377
7447
2262
4164
4218
605
6509
1495
7178
1690
2676
5015
7110
4632
1315
1567
8319
2677
7773
745
5391
1246
5247
1335
5717
8936
4866
3108
9056
3123
1783
7612
4257
5751
7786
1434
8011
1113
8105
8754
1838
4003
2237
5906
9375
6468
450
1844
3938
9203
2290
1058
249
3885
4572
4044
9528
3760
2314
4257
6124
34
9164
5330
2346
1967
5208
1199
5327
2517
2823
1157
7431
8083
7457
5774
3376
870
8010
9172
7507
4632
5342
7296
2839
5148
80
6973
1751
285
332
7416
6307
5788
3327
6218
4445
8555
6428
1398
6293
4121
5021
2164
9073
163
3269
54
3520
6760
3525
3188
2810
4369
491
7394
1659
8664
3989
7043
1893
8107
2924
5229
3207
8382
8922
3598
4556
4833
382
210
3476
2500
1576
4468
3861
5205
1828
2480
950
6903
3110
1232
6773
6463
9901
1594
7310
6416
3183
3793
6392
6415
6296
7545
6692
6472
9308
9113
9448
254
7049
6445
9657
1973
3333
6423
6000
3225
4153
364
2511
2642
4903
981
8286
3907
9359
4812
378
6419
9556
9211
6521
8905
8358
9258
7430
1065
235
9444
9834
1240
1893
3300
8934
1504
9618
2932
21
2360
7201
8325
5859
137
4749
8633
8749
2202
5553
5458
7100
6730
9195
6892
9787
4633
5463
8140
5633
7453
7019
4158
2369
8003
907
2479
2861
1214
5370
2715
4342
6312
4546
2949
5518
9534
3492
1954
3839
3448
2662
3646
6120
2389
8083
712
6853
9064
118
2588
3592
7133
1588
4916
941
1200
9494
8083
9192
4106
8898
8802
6024
558
9147
9872
1413
6618
4305
1021
541
9892
3679
2249
5370
2041
3974
559
6952
9091
7491
2313
4984
7238
5689
8442
5397
940
8663
1121
3789
1067
6206
9932
1112
4630
5490
6535
7546
7755
8182
7916
7312
8367
1407
5067
1008
5692
7988
3615
895
5999
7570
1618
8640
9286
9401
6483
2363
1166
8896
7919
10000
7331
9662
2714
7241
2282
4228
6465
5427
4314
8080
7974
7450
1386
5118
3554
5166
1544
2936
7375
5176
7925
1574
3255
3810
9434
8941
2723
5536
8481
2432
3321
9081
451
7000
9083
3791
1444
1241
9159
3511
6833
5911
3253
2714
1407
1853
4176
4037
3566
2878
5472
8759
712
572
4060
1088
3834
3320
2454
1107
4558
6301
8255
4185
4627
9777
2541
8393
4185
3829
6117
1556
4835
6818
8760
8884
4267
2572
4411
3511
5068
3965
5139
1332
1637
6012
5353
3992
68
9198
3180
5405
8287
7168
3756
613
3551
1034
4108
6510
6035
5079
9474
2186
8399
3331
1311
7690
8489
6614
1139
1967
8604
304
7027
4602
7542
4934
6968
7132
6064
3645
2021
9629
2036
560
6028
6253
4150
1595
5058
1525
2614
2425
3424
6558
7341
3799
8014
6060
3039
8110
8314
7554
7865
2487
8112
2812
5003
4071
3447
8998
9647
9899
6129
3591
8027
6723
6443
1504
6854
8624
7587
4869
2797
6796
8655
5690
6338
7494
4937
7327
4518
5794
9664
6615
9535
7051
1042
3147
722
5892
7550
3906
2960
4683
6097
3106
1438
2421
134
6790
8561
5217
1552
8068
1185
2025
8953
3631
6780
1050
6337
5414
593
5628
1598
2542
1255
9684
7932
9170
9281
308
3822
7021
9108
776
2311
7184
7079
5720
2177
5763
9698
4105
3994
7101
4315
1107
6578
2995
2631
5056
3265
416
6542
3809
6540
5245
3931
7704
9449
6135
6420
4709
3790
4139
6442
8580
3002
5528
1108
7560
2535
9084
7642
2694
2760
5126
9210
9584
4523
8837
6369
6136
8025
4898
3629
3997
3507
8665
8261
6498
6582
8840
8030
1687
1877
2515
9411
2350
1519
435
959
3668
9496
7115
2125
7008
2513
4906
845
7047
4924
907
2110
7248
2415
2478
8525
5442
3923
6335
524
1383
6331
1584
7265
4466
6903
7655
7365
631
7255
9912
5548
5065
792
5606
3250
3114
145
2287
3206
9337
9959
1194
5139
159
4874
8634
1491
549
3188
9080
9646
6075
2389
8647
9969
9034
5515
1000
789
7142
2406
4363
1556
692
5702
4576
5806
1422
5185
6172
6679
4839
3820
7846
4405
9070
4956
2062
7122
6922
3524
9542
5342
2436
5340
2983
3618
8495